Interval: [ 0.0 ; 1.0 ]
Allowable error: 0.001
x: 0.6298828125
F(x): 0.00027991015464068347
Iteration count: 10